[gd_scene load_steps=9 format=2]

[ext_resource path="res://marbleTower.tscn" type="PackedScene" id=1]
[ext_resource path="res://main_env.tres" type="Environment" id=2]
[ext_resource path="res://marble.tscn" type="PackedScene" id=3]
[ext_resource path="res://Main.gd" type="Script" id=4]
[ext_resource path="res://addons/goutte.camera.trackball/trackball_camera.gd" type="Script" id=5]

[sub_resource type="SpatialMaterial" id=3]
albedo_color = Color( 0.654902, 0.254902, 0.254902, 1 )

[sub_resource type="CubeMesh" id=4]
material = SubResource( 3 )
size = Vector3( 100, 2, 100 )

[sub_resource type="BoxShape" id=5]
extents = Vector3( 50, 1, 50 )

[node name="Spatial" type="Spatial"]
script = ExtResource( 4 )
marble = ExtResource( 3 )

[node name="WorldEnvironment" type="WorldEnvironment" parent="."]
environment = ExtResource( 2 )

[node name="Marbles" type="Spatial" parent="."]

[node name="tower" parent="." instance=ExtResource( 1 )]

[node name="TrackballCamera" type="Camera" parent="."]
transform = Transform( -0.149389, 0.386357, -0.910171, 0.0625765, 0.922349, 0.381256, 0.986796, 0, -0.161966, -42.7032, 0, -5.90074 )
fov = 65.0
script = ExtResource( 5 )
stabilize_horizon = true
zoom_strength = 3.0
action_zoom_in = "ui_zoom_in"
action_zoom_out = "ui_zoom_out"

[node name="Area" type="Area" parent="."]
transform = Transform( 1, 0, 0, 0, 1, 0, 0, 0, 1, 0, -50, 0 )

[node name="MeshInstance" type="MeshInstance" parent="Area"]
visible = false
mesh = SubResource( 4 )
skeleton = NodePath("../..")
material/0 = null

[node name="CollisionShape" type="CollisionShape" parent="Area"]
shape = SubResource( 5 )

[node name="Lights" type="Spatial" parent="."]

[node name="Light1" type="SpotLight" parent="Lights"]
transform = Transform( -0.965926, 0, -0.258819, 0, 1, 0, 0.258819, 0, -0.965926, 0, 5, -6 )
light_energy = 15.0
light_bake_mode = 0
shadow_enabled = true
shadow_color = Color( 1, 1, 1, 1 )

[node name="Light2" type="SpotLight" parent="Lights"]
transform = Transform( 1, 0, 0, 0, 1, 0, 0, 0, 1, 1, 5, 9.5 )
light_energy = 5.0
light_specular = 0.0
shadow_enabled = true
shadow_color = Color( 1, 1, 1, 1 )

[node name="Light3" type="DirectionalLight" parent="Lights"]
transform = Transform( -0.707107, 0, -0.707107, -0.5, 0.707107, 0.5, 0.5, 0.707107, -0.5, -20, -5, -20 )
light_energy = 0.5
light_specular = 2.0
light_bake_mode = 0
shadow_enabled = true
shadow_reverse_cull_face = true
directional_shadow_mode = 0

[node name="Timer" type="Timer" parent="."]
wait_time = 0.5
autostart = true

[connection signal="body_entered" from="Area" to="." method="_on_Area_body_entered"]
[connection signal="timeout" from="Timer" to="." method="_on_Timer_timeout"]
